679305 560237 495567 451777 418955 392849 371257 352898 336960 322900 310336 298990 288653 279165 270401 262261 254664 247541 240840 234512 228518 222824 217403 212228 207277 202531 197973 193589 189364 185286 181346 177532 173836 170250 166767 163380 160083 156870 153736 150676 147685 144760 141897 139091 136339 133639 130987 128379 125815 123289 120801 118348 115927 113535 111172 108834 106519 104225 101951 99693 97449 95218 92997 90783 88574 86368 84160 81949 79730 77500 75255 72990 70698 68375 66011 63597 61123 58572 55927 53161 50239 47109 43686 39826 35229 29054
1481.22 1282.73 1167.34 1085.73 1022.54 970.96 927.36 889.6 856.29 826.47 799.47 774.8 752.08 731.01 711.37 692.97 675.65 659.29 643.79 629.04 614.98 601.55 588.67 576.32 564.43 552.97 541.91 531.22 520.87 510.83 501.09 491.61 482.4 473.41 464.66 456.11 447.75 439.58 431.58 423.74 416.05 408.51 401.1 393.81 386.64 379.59 372.64 365.78 359.02 352.33 345.73 339.2 332.74 326.34 320 313.71 307.46 301.25 295.08 288.93 282.81 276.71 270.61 264.52 258.43 252.33 246.21 240.06 233.88 227.64 221.35 214.99 208.53 201.96 195.26 188.4 181.35 174.05 166.46 158.5 150.06 140.99 131.02 119.73 106.21 87.93
685329 565024 499681 455437 422273 395895 374078 355526 339421 325213 312516 301050 290603 281014 272157 263929 256249 249050 242275 235878 229818 224062 218580 213346 208340 203540 198931 194496 190222 186097 182110 178250 174510 170881 167356 163927 160589 157336 154162 151062 148033 145069 142167 139324 136534 133796 131106 128462 125859 123296 120770 118278 115819 113389 110986 108608 106253 103918 101601 99300 97013 94736 92468 90205 87946 85687 83424 81155 78875 76580 74264 71924 69550 67137 64674 62149 59547 56850 54030 51053 47864 44378 40449 35771 29492 
1491.9 1292.14 1175.96 1093.76 1030.1 978.12 934.17 896.1 862.5 832.43 805.19 780.3 757.37 736.11 716.29 697.7 680.22 663.69 648.03 633.14 618.93 605.36 592.34 579.85 567.83 556.25 545.06 534.25 523.78 513.62 503.76 494.17 484.84 475.75 466.88 458.22 449.76 441.48 433.38 425.43 417.64 409.98 402.47 395.08 387.8 380.64 373.58 366.62 359.74 352.95 346.24 339.6 333.03 326.52 320.06 313.65 307.28 300.95 294.65 288.37 282.12 275.88 269.64 263.41 257.16 250.9 244.61 238.29 231.91 225.48 218.97 212.38 205.67 198.83 191.82 184.62 177.18 169.44 161.31 152.71 143.45 133.3 121.79 108.02 89.41 
691477 569906 503877 459167 425654 398997 376949 358201 341925 327566 314733 303144 292585 282892 273939 265621 257858 250579 243730 237261 231134 225313 219769 214476 209413 204558 199895 195408 191084 186910 182875 178970 175184 171511 167942 164470 161090 157795 154580 151440 148370 145367 142426 139542 136714 133937 131208 128524 125883 123281 120715 118184 115684 113213 110770 108350 105952 103574 101213 98867 96533 94208 91890 89576 87262 84946 82624 80292 77945 75579 73187 70762 68298 65783 63206 60551 57800 54925 51890 48640 45090 41089 36329 29942  
1502.76 1301.71 1184.74 1101.94 1037.79 985.4 941.11 902.72 868.83 838.5 811.02 785.9 762.76 741.3 721.28 702.52 684.86 668.17 652.35 637.3 622.95 609.22 596.07 583.44 571.29 559.57 548.26 537.32 526.72 516.45 506.47 496.76 487.32 478.11 469.13 460.36 451.78 443.39 435.17 427.12 419.21 411.45 403.83 396.32 388.94 381.67 374.5 367.42 360.44 353.54 346.71 339.95 333.26 326.63 320.05 313.51 307.02 300.56 294.13 287.72 281.32 274.93 268.55 262.15 255.74 249.31 242.84 236.32 229.74 223.09 216.35 209.5 202.51 195.36 188 180.4 172.5 164.22 155.44 146 135.64 123.92 109.89 90.93  
697753 574887 508155 462970 429099 402157 379874 360925 344474 329959 316988 305272 294598 284800 275748 267339 259489 252130 245203 238662 232465 226578 220971 215618 210495 205584 200866 196326 191951 187727 183643 179690 175857 172138 168524 165008 161584 158247 154989 151808 148697 145652 142670 139746 136877 134060 131291 128566 125884 123241 120635 118062 115521 113008 110521 108057 105615 103192 100784 98390 96006 93630 91259 88889 86518 84141 81755 79354 76935 74489 72012 69494 66925 64294 61585 58778 55846 52752 49440 45823 41748 36902 30404   
1513.81 1311.46 1193.66 1110.26 1045.63 992.82 948.16 909.46 875.28 844.67 816.95 791.6 768.24 746.58 726.37 707.42 689.58 672.73 656.74 641.53 627.02 613.15 599.86 587.09 574.79 562.95 551.5 540.43 529.71 519.31 509.21 499.38 489.81 480.49 471.39 462.5 453.81 445.31 436.97 428.8 420.79 412.91 405.17 397.56 390.06 382.67 375.39 368.19 361.09 354.07 347.13 340.25 333.44 326.68 319.97 313.3 306.67 300.08 293.51 286.95 280.41 273.86 267.32 260.75 254.17 247.54 240.88 234.15 227.35 220.45 213.45 206.31 199 191.49 183.73 175.67 167.21 158.25 148.63 138.07 126.11 111.82 92.5   
704160 579970 512520 466847 432610 405378 382853 363698 347067 332394 319281 307436 296644 286737 277585 269082 261144 253701 246696 240081 233813 227858 222186 216770 211587 206618 201844 197250 192821 188545 184411 180409 176529 172762 169102 165541 162072 158690 155389 152164 149011 145924 142899 139934 137023 134163 131352 128586 125862 123176 120527 117911 115326 112769 110237 107728 105239 102767 100310 97865 95429 92998 90570 88141 85708 83265 80809 78333 75833 73300 70727 68104 65417 62651 59786 56795 53639 50263 46577 42426 37492 30880    
1525.05 1321.37 1202.75 1118.73 1053.6 1000.38 955.35 916.32 881.84 850.96 822.99 797.41 773.83 751.95 731.54 712.41 694.39 677.36 661.2 645.83 631.17 617.14 603.7 590.79 578.35 566.37 554.79 543.59 532.73 522.2 511.97 502.02 492.33 482.89 473.67 464.66 455.85 447.22 438.77 430.49 422.35 414.36 406.5 398.77 391.15 383.64 376.24 368.93 361.7 354.56 347.49 340.48 333.54 326.65 319.81 313.01 306.24 299.5 292.78 286.07 279.36 272.65 265.93 259.19 252.41 245.59 238.7 231.75 224.7 217.53 210.23 202.77 195.1 187.17 178.93 170.3 161.16 151.34 140.57 128.38 113.8 94.12    
710704 585159 516973 470801 436191 408660 385887 366522 349708 334872 321613 309637 298724 288706 279450 270851 262823 255295 248210 241518 235177 229153 223414 217933 212689 207660 202828 198178 193695 189366 185181 181128 177198 173383 169675 166067 162552 159125 155779 152509 149311 146180 143112 140103 137149 134246 131391 128582 125813 123084 120390 117729 115098 112494 109915 107358 104819 102297 99787 97288 94796 92307 89819 87326 84825 82310 79778 77220 74630 72000 69319 66574 63750 60826 57773 54554 51110 47353 43124 38099 31369     
1536.48 1331.46 1212 1127.36 1061.72 1008.07 962.67 923.3 888.53 857.37 829.14 803.32 779.51 757.42 736.81 717.48 699.28 682.07 665.74 650.21 635.38 621.2 607.61 594.54 581.97 569.84 558.12 546.78 535.8 525.13 514.78 504.7 494.88 485.3 475.96 466.83 457.89 449.15 440.58 432.16 423.91 415.79 407.81 399.96 392.22 384.59 377.06 369.62 362.27 355 347.79 340.66 333.58 326.55 319.56 312.62 305.7 298.81 291.92 285.05 278.18 271.29 264.38 257.44 250.46 243.41 236.3 229.08 221.76 214.3 206.66 198.82 190.73 182.31 173.5 164.17 154.14 143.15 130.72 115.86 95.8     
717389 590457 521517 474835 439841 412005 388980 369398 352396 337395 323986 311875 300838 290706 281345 272647 264526 256911 249743 242972 236557 230461 224654 219108 213800 208710 203819 199111 194572 190189 185950 181845 177864 174000 170243 166586 163024 159549 156157 152841 149597 146421 143308 140253 137254 134306 131406 128551 125737 122961 120221 117513 114834 112181 109552 106944 104353 101777 99212 96656 94104 91553 88998 86436 83862 81269 78652 76003 73313 70573 67768 64883 61897 58781 55496 51984 48153 43843 38724 31872      
1548.12 1341.73 1221.42 1136.15 1070 1015.91 970.13 930.42 895.34 863.9 835.41 809.34 785.3 763 742.18 722.65 704.26 686.87 670.36 654.66 639.67 625.33 611.58 598.36 585.64 573.36 561.5 550.02 538.9 528.1 517.61 507.39 497.45 487.74 478.27 469.01 459.95 451.07 442.38 433.84 425.45 417.21 409.11 401.12 393.26 385.5 377.83 370.27 362.78 355.37 348.03 340.76 333.53 326.36 319.22 312.13 305.05 297.99 290.94 283.9 276.84 269.76 262.65 255.5 248.29 241 233.62 226.13 218.49 210.69 202.67 194.4 185.8 176.8 167.27 157.04 145.82 133.14 117.98 97.53      
724220 595867 526156 478951 443565 415416 392131 372329 355134 339962 326401 314151 302988 292739 283269 274470 266254 258549 251297 244446 237954 231785 225907 220293 214920 209767 204815 200048 195451 191012 186719 182560 178527 174611 170803 167097 163485 159962 156522 153158 149867 146644 143484 140383 137336 134342 131395 128492 125630 122806 120017 117259 114530 111827 109145 106483 103837 101204 98580 95962 93346 90727 88102 85465 82810 80131 77421 74670 71867 69000 66053 63002 59821 56468 52884 48977 44583 39367 32390       
1559.96 1352.19 1231.02 1145.1 1078.42 1023.9 977.73 937.68 902.28 870.55 841.79 815.47 791.2 768.67 747.64 727.91 709.33 691.75 675.06 659.19 644.03 629.52 615.61 602.24 589.36 576.94 564.93 553.31 542.04 531.1 520.47 510.12 500.04 490.2 480.59 471.2 462.01 453 444.17 435.5 426.99 418.62 410.38 402.26 394.26 386.36 378.57 370.86 363.23 355.68 348.2 340.77 333.4 326.08 318.78 311.52 304.28 297.05 289.82 282.58 275.33 268.04 260.71 253.33 245.87 238.31 230.65 222.84 214.85 206.66 198.2 189.41 180.22 170.48 160.03 148.58 135.63 120.17 99.31       
731202 601393 530892 483152 447364 418894 395344 375315 357923 342577 328859 316467 305174 294805 285223 276320 268007 260211 252872 245938 239367 233123 227173 221490 216050 210832 205817 200989 196333 191836 187486 183273 179186 175216 171357 167599 163936 160363 156873 153460 150120 146848 143639 140489 137394 134351 131355 128403 125491 122617 119776 116967 114185 111427 108690 105971 103266 100572 97885 95201 92516 89825 87123 84403 81660 78885 76070 73204 70273 67259 64143 60893 57470 53812 49826 45346 40030 32924        
1572.02 1362.84 1240.79 1154.22 1087.01 1032.03 985.47 945.07 909.35 877.33 848.3 821.72 797.21 774.46 753.21 733.27 714.49 696.72 679.85 663.79 648.46 633.79 619.71 606.18 593.15 580.57 568.41 556.64 545.22 534.14 523.36 512.88 502.65 492.67 482.93 473.4 464.07 454.93 445.96 437.16 428.51 420 411.62 403.37 395.22 387.19 379.25 371.4 363.62 355.93 348.29 340.71 333.18 325.69 318.23 310.8 303.37 295.96 288.53 281.09 273.63 266.12 258.55 250.91 243.18 235.33 227.33 219.17 210.78 202.13 193.15 183.75 173.8 163.12 151.43 138.22 122.43 101.16        
738340 607040 535729 487441 451241 422443 398620 378359 360765 345239 331360 318823 307396 296905 287209 278200 269787 261896 254467 247449 240797 234476 228451 222697 217188 211903 206824 201934 197217 192660 188252 183982 179839 175815 171901 168090 164376 160750 157208 153745 150354 147031 143771 140571 137426 134331 131284 128280 125316 122389 119495 116631 113793 110978 108183 105403 102636 99877 97122 94368 91608 88837 86050 83241 80399 77518 74585 71587 68506 65320 62000 58504 54770 50703 46132 40713 33473         
1584.29 1373.68 1250.75 1163.51 1095.77 1040.33 993.37 952.6 916.56 884.24 854.93 828.1 803.34 780.35 758.88 738.73 719.75 701.78 684.72 668.48 652.97 638.13 623.88 610.18 596.99 584.25 571.94 560.01 548.45 537.21 526.29 515.66 505.29 495.17 485.28 475.61 466.14 456.85 447.74 438.8 430.01 421.35 412.83 404.43 396.15 387.96 379.88 371.87 363.95 356.09 348.29 340.55 332.85 325.19 317.55 309.93 302.32 294.7 287.07 279.42 271.72 263.96 256.13 248.21 240.17 231.99 223.63 215.06 206.21 197.02 187.41 177.24 166.33 154.39 140.89 124.78 103.07         
745639 612811 540671 491820 455197 426063 401961 381462 363660 347951 333907 321220 309657 299039 289227 280108 271592 263605 256085 248979 242244 235843 229742 223915 218335 212982 207836 202881 198101 193484 189016 184687 180486 176406 172436 168570 164801 161122 157527 154010 150567 147191 143879 140626 137428 134280 131180 128122 125104 122121 119170 116249 113352 110476 107619 104775 101941 99112 96285 93453 90612 87755 84876 81965 79015 76012 72945 69794 66537 63143 59571 55759 51607 46944 41418 34039          
1596.79 1384.73 1260.89 1172.98 1104.69 1048.79 1001.42 960.29 923.91 891.29 861.69 834.59 809.59 786.36 764.66 744.3 725.1 706.93 689.68 673.25 657.56 642.54 628.12 614.25 600.89 587.99 575.52 563.43 551.71 540.33 529.25 518.47 507.95 497.68 487.64 477.82 468.2 458.77 449.52 440.43 431.49 422.68 414.01 405.46 397.02 388.69 380.44 372.28 364.19 356.17 348.2 340.29 332.41 324.56 316.74 308.92 301.1 293.27 285.42 277.52 269.57 261.55 253.43 245.2 236.82 228.26 219.48 210.43 201.03 191.19 180.8 169.65 157.44 143.66 127.21 105.05          
753107 618711 545720 496292 459237 429757 405369 384625 366611 350713 336501 323661 311957 301210 291277 282046 273425 265338 257724 250528 243708 237225 231046 225143 219490 214066 208852 203831 198987 194306 189776 185386 181127 176987 172960 169038 165212 161478 157827 154256 150757 147327 143960 140652 137399 134196 131039 127925 124849 121808 118798 115816 112856 109917 106993 104080 101174 98271 95365 92450 89520 86568 83585 80563 77489 74349 71124 67793 64324 60674 56779 52540 47781 42144 34623           
1609.53 1395.99 1271.23 1182.63 1113.79 1057.41 1009.63 968.12 931.41 898.48 868.59 841.22 815.95 792.48 770.56 749.97 730.56 712.19 694.74 678.11 662.23 647.03 632.43 618.39 604.86 591.79 579.15 566.9 555.02 543.48 532.24 521.3 510.63 500.2 490.02 480.04 470.27 460.69 451.28 442.04 432.94 423.98 415.16 406.45 397.85 389.35 380.94 372.61 364.35 356.15 348.01 339.91 331.84 323.8 315.77 307.74 299.71 291.64 283.55 275.39 267.16 258.84 250.4 241.82 233.05 224.07 214.79 205.18 195.12 184.49 173.09 160.61 146.52 129.72 107.1           
760747 624745 550881 500862 463362 433528 408846 387852 369620 353528 339143 326145 314297 303417 293361 284014 275285 267096 259384 252097 245189 238622 232362 226381 220653 215157 209873 204783 199871 195125 190532 186080 181759 177559 173472 169491 165607 161815 158107 154478 150923 147436 144012 140647 137336 134075 130859 127686 124550 121447 118374 115327 112302 109294 106299 103313 100330 97345 94353 91347 88320 85262 82165 79016 75801 72501 69093 65545 61813 57833 53503 48645 42894 35226            
1622.5 1407.47 1281.78 1192.48 1123.07 1066.21 1018 976.12 939.06 905.81 875.63 847.98 822.45 798.73 776.57 755.75 736.12 717.54 699.88 683.06 666.99 651.6 636.81 622.59 608.88 595.64 582.83 570.42 558.37 546.66 535.27 524.16 513.33 502.75 492.4 482.27 472.34 462.6 453.03 443.62 434.37 425.25 416.26 407.38 398.62 389.95 381.36 372.86 364.42 356.04 347.7 339.41 331.14 322.89 314.64 306.39 298.11 289.79 281.43 272.99 264.46 255.81 247.01 238.03 228.82 219.33 209.49 199.19 188.31 176.65 163.89 149.49 132.32 109.22            
768569 630917 556158 505532 467576 437379 412395 391144 372687 356397 341833 328674 316678 305662 295478 286013 277172 268879 261068 253686 246687 240034 233691 227629 221824 216253 210896 205735 200755 195942 191283 186766 182381 178119 173971 169928 165984 162132 158364 154676 151062 147515 144032 140607 137236 133914 130637 127401 124201 121034 117894 114779 111683 108602 105531 102466 99399 96327 93241 90135 86999 83824 80597 77304 73925 70436 66807 62991 58923 54499 49538 43668 35847             
1635.72 1419.16 1292.53 1202.52 1132.53 1075.18 1026.54 984.28 946.87 913.29 882.8 854.87 829.08 805.1 782.69 761.65 741.79 722.99 705.13 688.1 671.83 656.25 641.28 626.87 612.98 599.56 586.57 573.98 561.76 549.89 538.32 527.05 516.05 505.3 494.79 484.49 474.4 464.49 454.76 445.18 435.76 426.47 417.31 408.26 399.32 390.47 381.7 373.01 364.38 355.8 347.27 338.77 330.28 321.8 313.32 304.82 296.28 287.7 279.04 270.29 261.41 252.4 243.19 233.76 224.03 213.95 203.41 192.28 180.35 167.3 152.57 135.02 111.42             
776577 637232 561554 510305 471882 441311 416018 394502 375816 359322 344575 331249 319102 307944 297631 288044 279089 270687 262773 255294 248203 241460 235031 228887 223003 217354 211922 206688 201637 196754 192027 187444 182993 178666 174454 170348 166341 162427 158597 154847 151171 147562 144017 140529 137095 133709 130368 127066 123799 120563 117353 114165 110994 107834 104682 101530 98374 95205 92017 88799 85543 82235 78860 75399 71827 68112 64209 60049 55528 50460 44467 36488              
1649.19 1431.09 1303.49 1212.76 1142.19 1084.34 1035.26 992.6 954.84 920.92 890.13 861.91 835.84 811.6 788.95 767.66 747.58 728.55 710.47 693.24 676.77 660.98 645.82 631.22 617.14 603.53 590.37 577.6 565.2 553.15 541.41 529.97 518.79 507.87 497.19 486.72 476.45 466.37 456.46 446.72 437.12 427.65 418.31 409.08 399.95 390.91 381.95 373.06 364.23 355.44 346.69 337.97 329.25 320.53 311.8 303.03 294.21 285.32 276.34 267.24 257.99 248.55 238.88 228.92 218.59 207.8 196.4 184.18 170.83 155.77 137.83 113.7              
784779 643697 567075 515186 476282 445328 419717 397930 379007 362304 347369 333872 321568 310267 299819 290107 281034 272521 264502 256922 249735 242900 236383 230154 224188 218459 212950 207641 202516 197562 192764 188111 183593 179199 174920 170749 166677 162697 158803 154989 151248 147575 143964 140411 136911 133458 130048 126676 123338 120029 116744 113479 110227 106983 103743 100498 97242 93968 90665 87324 83931 80472 76925 73267 69464 65469 61214 56591 51413 45293 37151               
1662.92 1443.25 1314.67 1223.21 1152.04 1093.69 1044.16 1001.1 962.97 928.72 897.61 869.09 842.74 818.24 795.33 773.8 753.47 734.22 715.92 698.47 681.79 665.8 650.43 635.64 621.37 607.57 594.22 581.26 568.68 556.45 544.53 532.9 521.55 510.45 499.59 488.94 478.49 468.23 458.14 448.21 438.43 428.78 419.24 409.82 400.5 391.26 382.1 373 363.95 354.94 345.96 337 328.03 319.05 310.04 300.98 291.85 282.63 273.29 263.8 254.12 244.21 233.99 223.41 212.35 200.67 188.17 174.5 159.09 140.74 116.08               
793182 650315 572724 520178 480781 449433 423495 401430 382263 365345 350216 336544 324079 312629 302044 292203 283008 274381 266253 258570 251284 244355 237747 231430 225379 219568 213979 208592 203392 198363 193492 188767 184178 179715 175367 171128 166988 162941 158980 155098 151290 147549 143871 140249 136678 133155 129673 126228 122814 119428 116062 112713 109375 106040 102704 99357 95993 92602 89172 85691 82142 78507 74758 70863 66774 62420 57692 52399 46147 37835                
1676.92 1455.65 1326.08 1233.87 1162.1 1103.23 1053.25 1009.78 971.27 936.68 905.25 876.42 849.79 825.01 801.84 780.06 759.49 740.01 721.48 703.81 686.91 670.71 655.14 640.14 625.67 611.67 598.13 584.98 572.21 559.79 547.68 535.86 524.33 513.04 501.99 491.16 480.52 470.07 459.8 449.67 439.7 429.85 420.12 410.49 400.96 391.51 382.13 372.81 363.53 354.29 345.06 335.83 326.6 317.34 308.03 298.65 289.18 279.59 269.85 259.91 249.74 239.27 228.41 217.08 205.12 192.31 178.31 162.54 143.76 118.54                
801795 657094 578507 525286 485381 453629 427355 405003 385586 368446 353119 339267 326636 315034 304306 294332 285013 276267 268028 260238 252850 245823 239122 232715 226575 220680 215008 209541 204262 199156 194209 189411 184749 180213 175794 171483 167273 163156 159124 155172 151293 147482 143732 140037 136394 132795 129237 125714 122220 118751 115299 111861 108428 104995 101554 98096 94611 91089 87516 83875 80147 76304 72313 68125 63668 58832 53419 47030 38543                 
1691.2 1468.3 1337.72 1244.76 1172.37 1112.97 1062.53 1018.64 979.75 944.81 913.05 883.91 856.98 831.93 808.49 786.45 765.64 745.91 727.15 709.25 692.13 675.71 659.92 644.72 630.04 615.84 602.09 588.75 575.78 563.16 550.86 538.85 527.12 515.64 504.4 493.37 482.54 471.89 461.41 451.09 440.91 430.85 420.91 411.07 401.32 391.65 382.04 372.48 362.95 353.45 343.96 334.46 324.93 315.36 305.72 295.99 286.14 276.13 265.94 255.5 244.75 233.62 222 209.74 196.61 182.28 166.12 146.9 121.1                 
810626 664040 584429 530514 490087 457918 431299 408652 388979 371611 356079 342040 329240 317480 306606 296495 287047 278180 269826 261926 254434 247306 240507 234007 227777 221794 216036 210486 205125 199940 194915 190039 185301 180690 176197 171812 167529 163338 159233 155208 151255 147369 143543 139773 136052 132375 128735 125129 121550 117991 114447 110912 107378 103837 100280 96699 93080 89410 85673 81848 77907 73817 69526 64962 60012 54475 47944 39275                  
1705.77 1481.21 1349.6 1255.88 1182.86 1122.92 1072.01 1027.7 988.42 953.11 921.02 891.56 864.34 838.99 815.28 792.97 771.9 751.93 732.93 714.8 697.45 680.8 664.8 649.38 634.48 620.08 606.12 592.57 579.39 566.57 554.07 541.86 529.92 518.24 506.8 495.56 484.53 473.67 462.99 452.45 442.06 431.78 421.62 411.55 401.57 391.66 381.8 371.99 362.2 352.42 342.64 332.84 322.99 313.08 303.08 292.96 282.68 272.21 261.49 250.46 239.04 227.12 214.55 201.09 186.4 169.85 150.17 123.76                  
819683 671158 590495 535865 494902 462305 435331 412380 392442 374840 359097 344868 331892 319970 308945 298693 289113 280120 271647 263634 256033 248802 241903 235306 228982 222908 217063 211426 205981 200712 195607 190651 185834 181145 176574 172113 167752 163485 159303 155201 151170 147206 143301 139450 135647 131886 128161 124466 120794 117140 113497 109857 106211 102552 98868 95148 91378 87540 83613 79571 75376 70978 66303 61235 55569 48891 40032                   
1720.63 1494.39 1361.74 1267.23 1193.57 1133.09 1081.7 1036.95 997.28 961.6 929.16 899.39 871.85 846.21 822.21 799.64 778.31 758.08 738.83 720.46 702.87 686 669.76 654.12 639 624.38 610.21 596.44 583.06 570.02 557.3 544.88 532.74 520.85 509.19 497.74 486.49 475.42 464.52 453.76 443.14 432.63 422.23 411.93 401.7 391.53 381.41 371.32 361.25 351.18 341.09 330.95 320.75 310.47 300.06 289.5 278.74 267.73 256.41 244.69 232.46 219.56 205.76 190.7 173.74 153.57 126.53                   
828976 678457 596710 541346 499830 466793 439453 416190 395980 378136 362176 347750 334593 322504 311324 300927 291210 282088 273492 265362 257649 250310 243308 236611 230191 224023 218085 212359 206827 201473 196283 191244 186345 181574 176922 172381 167940 163592 159331 155147 151035 146988 143000 139064 135174 131323 127506 123716 119946 116189 112437 108682 104914 101124 97298 93422 89479 85447 81298 76994 72485 67694 62502 56703 49871 40816                    
1735.8 1507.85 1374.13 1278.82 1204.51 1143.48 1091.6 1046.41 1006.33 970.28 937.49 907.38 879.53 853.59 829.3 806.45 784.85 764.36 744.85 726.23 708.4 691.29 674.82 658.94 643.6 628.75 614.35 600.37 586.76 573.5 560.57 547.93 535.57 523.45 511.57 499.9 488.43 477.13 465.99 455 444.14 433.39 422.74 412.18 401.69 391.24 380.84 370.46 360.08 349.69 339.25 328.76 318.17 307.47 296.61 285.55 274.24 262.61 250.57 238.01 224.78 210.62 195.17 177.79 157.12 129.42                    
838515 685943 603081 546960 504876 471385 443669 420084 399593 381501 365318 350688 337345 325084 313744 303197 293339 284083 275361 267110 259281 251831 244722 237921 231401 225136 219104 213285 207662 202218 196941 191815 186830 181975 177239 172613 168089 163657 159311 155042 150845 146711 142634 138607 134624 130679 126763 122871 118994 115125 111255 107374 103472 99535 95549 91496 87353 83092 78675 74049 69137 63817 57879 50887 41628                     
1751.29 1521.59 1386.78 1290.67 1215.7 1154.1 1101.72 1056.08 1015.59 979.15 946 915.55 887.38 861.13 836.55 813.41 791.53 770.77 751.01 732.13 714.04 696.68 679.97 663.86 648.28 633.2 618.56 604.35 590.51 577.02 563.86 550.99 538.4 526.05 513.94 502.03 490.32 478.78 467.4 456.16 445.05 434.04 423.13 412.29 401.51 390.78 380.07 369.38 358.66 347.91 337.11 326.21 315.2 304.03 292.66 281.03 269.07 256.71 243.81 230.22 215.69 199.84 182.01 160.82 132.43                     
848309 693623 609613 552714 510044 476086 447982 424066 403286 384937 368523 353684 340149 327711 316205 305504 295499 286107 277253 268877 260929 253364 246144 239236 232612 226246 220116 214201 208483 202947 197578 192363 187289 182345 177521 172807 168194 163675 159240 154881 150593 146367 142196 138073 133992 129944 125923 121920 117928 113937 109936 105916 101863 97761 93593 89334 84957 80421 75674 70636 65183 59099 51941 42470                      
1766.87 1535.47 1399.6 1302.68 1227.06 1164.89 1112.01 1065.91 1025 988.18 954.66 923.87 895.37 868.81 843.92 820.48 798.32 777.29 757.25 738.11 719.77 702.15 685.19 668.83 653.01 637.68 622.81 608.35 594.28 580.55 567.15 554.05 541.21 528.62 516.27 504.12 492.15 480.36 468.72 457.22 445.84 434.55 423.36 412.23 401.15 390.1 379.07 368.02 356.94 345.81 334.59 323.25 311.75 300.05 288.1 275.81 263.1 249.85 235.89 220.97 204.7 186.4 164.67 135.56                      
858371 701507 616314 558612 515340 480900 452396 428138 407060 388447 371795 356740 343007 330385 318709 307848 297693 288158 279168 270664 262592 254908 247573 240555 233823 227352 221119 215104 209289 203657 198193 192883 187716 182679 177763 172957 168252 163640 159111 154659 150274 145950 141679 137454 133267 129109 124974 120852 116733 112608 108464 104288 100065 95776 91396 86897 82237 77363 72193 66601 60365 53034 43342                       
1783.02 1549.8 1412.81 1315.05 1238.75 1175.99 1122.59 1076.03 1034.69 997.47 963.57 932.42 903.58 876.69 851.49 827.76 805.3 783.98 763.67 744.25 725.65 707.77 690.55 673.93 657.85 642.27 627.15 612.44 598.12 584.14 570.49 557.13 544.05 531.2 518.59 506.18 493.95 481.9 469.98 458.2 446.53 434.95 423.45 412.01 400.6 389.21 377.82 366.4 354.92 343.36 331.68 319.84 307.8 295.5 282.86 269.79 256.17 241.82 226.49 209.79 191 168.7 138.84                       
868711 709603 623191 564661 520767 485831 456914 432304 410919 392032 375136 359857 345919 333108 321256 310230 299919 290237 281108 272469 264269 256462 249009 241875 235032 228452 222113 215994 210077 204344 198781 193373 188108 182975 177962 173060 168258 163547 158920 154367 149881 145453 141076 136741 132439 128164 123904 119652 115394 111121 106817 102466 98050 93544 88916 84127 79120 73812 68074 61681 54169 44248                        
1799.51 1564.45 1426.32 1327.7 1250.7 1187.35 1133.42 1086.38 1044.6 1006.97 972.69 941.18 911.99 884.77 859.25 835.2 812.44 790.83 770.23 750.53 731.64 713.49 696 679.12 662.78 646.94 631.55 616.58 602 587.76 573.85 560.23 546.88 533.77 520.88 508.2 495.7 483.35 471.15 459.07 447.09 435.2 423.38 411.59 399.83 388.07 376.29 364.45 352.53 340.5 328.31 315.9 303.24 290.23 276.78 262.77 248.02 232.27 215.11 195.81 172.91 142.27                        
879342 717919 630250 570867 526331 490883 461541 436567 414864 395696 378546 363038 348889 335882 323848 312650 302179 292344 283070 274293 265961 258026 250449 243196 236236 229544 223095 216867 210844 205006 199339 193829 188463 183228 178113 173109 168205 163391 158660 154001 149406 144867 140376 135922 131499 127095 122700 118304 113893 109454 104970 100421 95781 91020 86095 80948 75496 69607 63048 55349 45188                         
1816.37 1579.41 1440.12 1340.64 1262.93 1198.97 1144.5 1096.97 1054.75 1016.7 982.03 950.14 920.6 893.03 867.18 842.81 819.75 797.83 776.93 756.94 737.77 719.34 701.57 684.41 667.79 651.68 636.02 620.78 605.92 591.42 577.23 563.33 549.7 536.31 523.14 510.17 497.37 484.72 472.21 459.81 447.51 435.28 423.1 410.95 398.81 386.64 374.43 362.14 349.73 337.16 324.38 311.33 297.94 284.1 269.69 254.51 238.31 220.67 200.84 177.32 145.86                         
890276 726466 637499 577236 532038 496062 466280 440931 418901 399442 382030 366283 351916 338707 326484 315110 304472 294480 285055 276135 267665 259597 251893 244516 237436 230625 224061 217721 211586 205640 199865 194247 188774 183432 178211 173100 168087 163165 158322 153550 148840 144183 139568 134988 130431 125887 121344 116789 112208 107583 102894 98114 93212 88145 82853 77250 71201 64471 56575 46165                          
1833.6 1594.71 1454.24 1353.87 1275.44 1210.86 1155.85 1107.82 1065.14 1026.66 991.59 959.32 929.41 901.5 875.31 850.61 827.22 804.99 783.79 763.5 744.03 725.3 707.25 689.8 672.9 656.5 640.56 625.03 609.89 595.1 580.62 566.44 552.51 538.82 525.35 512.07 498.95 485.99 473.15 460.41 447.76 435.16 422.6 410.05 397.49 384.88 372.2 359.39 346.43 333.26 319.82 306.02 291.77 276.93 261.31 244.65 226.5 206.11 181.94 149.62                          
901529 735254 644948 583776 537894 501372 471136 445400 423031 403271 385589 369596 355002 341584 329167 317610 306799 296643 287063 277994 269381 261176 253339 245832 238627 231694 225010 218553 212302 206241 200352 194622 189037 183583 178250 173025 167899 162860 157900 153007 148174 143388 138642 133923 129221 124523 119817 115086 110312 105475 100549 95499 90282 84838 79077 72862 65951 57851 47181                           
1851.22 1610.36 1468.68 1367.41 1288.24 1223.04 1167.46 1118.94 1075.78 1036.87 1001.39 968.73 938.44 910.17 883.63 858.6 834.88 812.33 790.8 770.2 750.43 731.4 713.04 695.29 678.09 661.4 645.16 629.34 613.9 598.81 584.03 569.53 555.3 541.3 527.51 513.9 500.45 487.14 473.95 460.84 447.81 434.82 421.85 408.87 395.84 382.74 369.53 356.16 342.57 328.7 314.48 299.8 284.51 268.44 251.28 232.61 211.64 186.78 153.57                           
913114 744294 652604 590493 543905 506818 476114 449977 427258 407187 389225 372978 358150 344515 331896 320149 309160 298835 289093 279870 271108 262760 254784 247144 239808 232748 225938 219358 212986 206805 200798 194950 189246 183675 178222 172878 167630 162469 157383 152361 147395 142472 137582 132712 127851 122984 118094 113165 108173 103092 97886 92513 86908 80982 74593 67494 59179 48238                            
1869.25 1626.37 1483.46 1381.27 1301.36 1235.51 1179.37 1130.32 1086.69 1047.33 1011.43 978.37 947.7 919.05 892.16 866.78 842.72 819.83 797.98 777.06 756.97 737.62 718.95 700.89 683.38 666.38 649.83 633.7 617.95 602.54 587.44 572.63 558.07 543.73 529.6 515.64 501.84 488.16 474.59 461.09 447.65 434.23 420.8 407.34 393.81 380.16 366.35 352.34 338.03 323.37 308.23 292.48 275.91 258.25 239.02 217.44 191.87 157.71                            
925048 753597 660477 597396 550078 512408 481219 454667 431585 411193 392941 376431 361361 347502 334673 322729 311555 301054 291144 281761 272845 264348 256228 248448 240976 233782 226842 220133 213635 207328 201196 195224 189396 183700 178122 172650 167274 161981 156760 151600 146490 141418 136372 131337 126300 121244 116149 110994 105749 100381 94842 89069 82970 76398 69101 60563 49338                             
1887.69 1642.75 1498.58 1395.46 1314.78 1248.28 1191.56 1141.99 1097.87 1058.06 1021.72 988.25 957.19 928.17 900.9 875.16 850.75 827.52 805.34 784.08 763.66 743.98 724.99 706.6 688.77 671.44 654.57 638.11 622.03 606.29 590.86 575.7 560.8 546.11 531.61 517.28 503.1 489.03 475.04 461.12 447.23 433.34 419.42 405.43 391.33 377.07 362.59 347.83 332.7 317.09 300.84 283.77 265.57 245.76 223.54 197.21 162.07                             
937346 763175 668577 604492 556419 518145 486455 459473 436017 415292 396740 379956 364635 350544 337498 325351 313984 303299 293216 283665 274589 265938 257668 249742 242127 234795 227718 220875 214243 207804 201541 195438 189479 183650 177939 172333 166819 161385 156020 150711 145446 140211 134993 129776 124543 119274 113946 108530 102989 97277 91327 85045 78282 70778 62005 50484                              
1906.57 1659.52 1514.06 1409.99 1328.54 1261.37 1204.06 1153.94 1109.33 1069.05 1032.28 998.39 966.92 937.51 909.87 883.76 858.99 835.4 812.87 791.26 770.5 750.49 731.15 712.43 694.26 676.59 659.38 642.58 626.15 610.06 594.27 578.76 563.48 548.42 533.54 518.81 504.21 489.71 475.29 460.9 446.52 432.12 417.65 403.07 388.33 373.38 358.13 342.51 326.4 309.64 292.03 273.26 252.85 229.95 202.83 166.65                              
950028 773042 676914 611791 562936 524038 491828 464402 440558 419487 400625 383557 367976 353643 340372 328013 316446 305572 295307 285583 276340 267527 259101 251022 243259 235781 228561 221576 214805 208228 201826 195584 189487 183518 177666 171915 166254 160670 155148 149677 144243 138830 133422 128002 122549 117038 111441 105719 99824 93688 87214 80250 72529 63510 51679                               
1925.9 1676.68 1529.91 1424.87 1342.63 1274.78 1216.87 1166.21 1121.09 1080.34 1043.11 1008.79 976.91 947.1 919.06 892.57 867.43 843.48 820.58 798.62 777.5 757.14 737.45 718.37 699.85 681.83 664.26 647.1 630.31 613.85 597.68 581.78 566.11 550.65 535.35 520.2 505.16 490.2 475.29 460.4 445.48 430.51 415.43 400.19 384.73 368.97 352.84 336.2 318.9 300.73 281.36 260.31 236.7 208.76 171.48                               
963111 783212 685500 619301 569637 530092 497344 469457 445210 423782 404597 387236 371384 356801 343295 330717 318942 307870 297417 287512 278094 269113 260523 252286 244367 236736 229366 222233 215315 208591 202044 195656 189411 183293 177290 171385 165566 159819 154129 148481 142861 137251 131633 125984 120281 114492 108578 102490 96159 89483 82307 74359 65082 52925                                
1945.71 1694.26 1546.15 1440.12 1357.07 1288.53 1230 1178.79 1133.15 1091.91 1054.23 1019.47 987.16 956.94 928.5 901.62 876.1 851.77 828.49 806.16 784.67 763.94 743.88 724.44 705.55 687.15 669.21 651.67 634.49 617.64 601.07 584.76 568.68 552.78 537.04 521.43 505.91 490.45 475.01 459.56 444.05 428.44 412.67 396.68 380.4 363.72 346.53 328.66 309.9 289.91 268.18 243.83 215.01 176.58                                
976617 793700 694347 627033 576530 536314 503008 474644 449980 428180 408660 390994 374862 360018 346269 333462 321470 310193 299543 289449 279850 270693 261932 253529 245447 237656 230128 222839 215766 208888 202186 195642 189241 182965 176799 170729 164740 158816 152942 147101 141276 135447 129592 123684 117692 111576 105285 98746 91858 84460 76272 66724 54227                                 
1966 1712.27 1562.79 1455.74 1371.87 1302.63 1243.48 1191.69 1145.53 1103.8 1065.64 1030.43 997.69 967.04 938.2 910.91 884.99 860.27 836.61 813.89 792.02 770.9 750.46 730.63 711.35 692.57 674.22 656.28 638.7 621.43 604.44 587.69 571.16 554.8 538.58 522.47 506.43 490.42 474.4 458.33 442.16 425.84 409.29 392.45 375.2 357.42 338.96 319.57 298.93 276.5 251.36 221.61 181.97                                 
990568 804521 703467 634997 583624 542713 508828 479968 454870 432685 412818 394835 378411 363296 349294 336248 324031 312539 301684 291394 281604 272263 263324 254746 246493 238534 230840 223386 216149 209108 202242 195534 188965 182519 176180 169932 163758 157641 151566 145512 139459 133384 127259 121052 114722 108216 101459 94347 86714 78274 68442 55587                                  
1986.81 1730.73 1579.84 1471.75 1387.05 1317.09 1257.3 1204.94 1158.24 1116 1077.36 1041.69 1008.51 977.43 948.16 920.46 894.12 869 844.93 821.82 799.54 778.03 757.19 736.95 717.27 698.07 679.31 660.94 642.92 625.22 607.77 590.56 573.55 556.69 539.95 523.29 506.68 490.06 473.41 456.65 439.74 422.61 405.17 387.32 368.93 349.84 329.8 308.46 285.28 259.31 228.6 187.67                                  
1004986 815693 712874 643205 590929 549295 514809 485435 459886 437301 417072 398759 382032 366635 352369 339075 326623 314907 303838 293342 283354 273820 264694 255932 247499 239363 231495 223867 216457 209242 202202 195317 188570 181942 175416 168974 162599 156272 149974 143683 137374 131019 124585 118028 111293 104306 96957 89077 80372 70241 57011                                   
2008.15 1749.65 1597.32 1488.17 1402.61 1331.93 1271.49 1218.54 1171.29 1128.53 1089.41 1053.26 1019.62 988.1 958.39 930.26 903.51 877.96 853.48 829.95 807.26 785.33 764.07 743.41 723.29 703.66 684.47 665.65 647.17 628.99 611.06 593.35 575.81 558.41 541.11 523.86 506.61 489.33 471.96 454.44 436.68 418.62 400.14 381.11 361.35 340.62 318.55 294.59 267.75 236.01 193.72                                   
1019898 827235 722582 651668 598454 556070 520960 491051 465034 442031 421426 402771 385727 370036 355495 341942 329245 317296 306003 295291 285095 275360 266036 257082 248460 240137 232084 224272 216678 209279 202053 194980 188041 181216 174487 167835 161240 154681 148135 141577 134978 128301 121504 114528 107297 99698 91556 82571 72125 58500                                    
2030.04 1769.06 1615.24 1505.01 1418.58 1347.15 1286.05 1232.5 1184.69 1141.41 1101.78 1065.16 1031.05 999.07 968.92 940.35 913.16 887.18 862.27 838.3 815.18 792.81 771.11 750.01 729.44 709.35 689.69 670.39 651.42 632.74 614.29 596.03 577.94 559.95 542.02 524.12 506.19 488.16 469.98 451.58 432.86 413.71 394.01 373.55 352.09 329.25 304.46 276.69 243.87 200.15                                    
1035329 839165 732608 660400 606211 563047 527287 496821 470317 446881 425884 406871 389497 373500 358673 344850 331896 319702 308175 297237 286823 276876 267345 258188 249367 240847 232597 224591 216802 209206 201781 194505 187359 180321 173372 166489 159651 152834 146011 139151 132217 125163 117931 110441 102578 94161 84880 74102 60062                                     
2052.52 1788.96 1633.62 1522.28 1434.96 1362.77 1301 1246.84 1198.47 1154.65 1114.51 1077.39 1042.8 1010.36 979.75 950.72 923.08 896.65 871.29 846.88 823.31 800.48 778.32 756.75 735.71 715.14 694.97 675.17 655.68 636.45 617.44 598.6 579.89 561.26 542.66 524.03 505.32 486.46 467.37 447.96 428.11 407.68 386.49 364.26 340.62 314.95 286.21 252.23 207                                     
1051310 851505 742968 669414 614210 570235 533798 502753 475742 451853 430449 411063 393345 377028 361901 347795 334573 322123 310351 299177 288533 278362 268614 259243 250211 241482 233025 224811 216813 209007 201368 193875 186505 179235 172044 164907 157799 150692 143554 136346 129020 121517 113752 105608 96899 87306 76177 61700                                      
2075.61 1809.39 1652.48 1540.01 1451.77 1378.81 1316.36 1261.57 1212.62 1168.26 1127.6 1089.98 1054.9 1021.97 990.89 961.4 933.29 906.4 880.58 855.7 831.65 808.35 785.71 763.65 742.1 721.02 700.32 679.98 659.92 640.11 620.49 601.02 581.64 562.3 542.95 523.51 503.93 484.12 463.98 443.4 422.21 400.25 377.21 352.7 326.11 296.34 261.15 214.3                                      
1067871 864278 753680 678724 622465 577644 540503 508854 481314 456954 435124 415348 397272 380621 365180 350778 337275 324557 312526 301104 290219 279813 269835 260238 250982 242032 233354 224919 216698 208665 200797 193067 185453 177930 170472 163053 155643 148207 140706 133091 125298 117241 108799 99781 89857 78359 63419                                       
2099.34 1830.36 1671.83 1558.19 1469.03 1395.28 1332.13 1276.7 1227.17 1182.25 1141.06 1102.93 1067.35 1033.94 1002.37 972.4 943.81 916.44 890.13 864.77 840.23 816.43 793.28 770.7 748.63 726.99 705.74 684.81 664.15 643.71 623.43 603.26 583.15 563.02 542.83 522.49 501.92 481.01 459.65 437.68 414.89 390.99 365.59 338.02 307.15 270.68 222.12                                       
1085047 877508 764763 688347 630988 585285 547410 515132 487039 462187 439912 419730 401278 384277 368508 353796 339999 326998 314697 303013 291874 281220 270999 261162 251670 242484 233570 224898 216437 208162 200044 192057 184176 176373 168620 160884 153130 145316 137391 129290 120923 112165 102818 92545 80654 65227                                        
2123.75 1851.9 1691.7 1576.86 1486.74 1412.18 1348.32 1292.26 1242.12 1196.64 1154.91 1116.26 1080.17 1046.26 1014.19 983.73 954.65 926.78 899.98 874.11 849.06 824.73 801.05 777.92 755.28 733.07 711.21 689.66 668.35 647.22 626.22 605.29 584.36 563.36 542.23 520.85 499.14 476.96 454.15 430.5 405.71 379.34 350.74 318.72 280.88 230.5                                        
1102874 891222 776238 698300 639793 593171 554529 521593 492924 467557 444817 424209 405364 387997 371884 356847 342740 329443 316857 304897 293490 282574 272095 262004 252260 242822 233656 224729 216011 207472 199082 190815 182640 174526 166441 158345 150197 141941 133511 124813 115718 106023 95377 83072 67130                                         
2148.86 1874.04 1712.1 1596.02 1504.92 1429.54 1364.96 1308.24 1257.5 1211.45 1169.17 1129.98 1093.38 1058.95 1026.38 995.41 965.82 937.44 910.12 883.72 858.14 833.27 809.02 785.31 762.08 739.24 716.74 694.52 672.5 650.63 628.83 607.06 585.22 563.24 541.03 518.47 495.43 471.74 447.18 421.44 394.07 364.37 331.12 291.83 239.51                                         
1121392 905448 788128 708601 648895 601313 561870 528246 498974 473070 449843 428789 409532 391781 375307 359928 345495 331887 319000 306748 295057 283864 273111 262750 252736 243030 233593 224392 215394 206568 197882 189305 180803 172341 163879 155372 146762 137979 128929 119475 109408 98368 85622 69134                                          
2174.71 1896.79 1733.05 1615.69 1523.59 1447.37 1382.05 1324.66 1273.31 1226.67 1183.84 1144.12 1106.98 1072.04 1038.95 1007.46 977.35 948.44 920.58 893.64 867.5 842.05 817.21 792.89 769.02 745.53 722.33 699.37 676.58 653.89 631.23 608.51 585.65 562.56 539.11 515.17 490.56 465.04 438.3 409.86 379.01 344.46 303.63 249.24                                          
1140644 920217 800457 719269 658310 609724 569444 535101 505198 478730 454993 433472 413782 395627 378774 363035 348259 334322 321117 308557 296566 285077 274034 263384 253082 243086 233358 223860 214558 205418 196405 187484 178616 169760 160866 151876 142716 133288 123451 112988 101528 88315 71248                                           
2201.36 1920.2 1754.58 1635.9 1542.75 1465.67 1399.6 1341.54 1289.56 1242.34 1198.94 1158.67 1121 1085.53 1051.91 1019.89 989.25 959.8 931.39 903.88 877.15 851.1 825.64 800.67 776.12 751.91 727.97 704.22 680.59 656.99 633.35 609.58 585.57 561.19 536.3 510.72 484.19 456.4 426.84 394.76 358.84 316.37 259.77                                           
1160677 935564 813251 730326 668056 618420 577262 542166 511601 484542 460270 438258 418115 399535 382282 366164 351026 336741 323200 310314 298003 286200 274846 263887 253276 242969 232924 223103 213469 203983 194608 185301 176018 166709 157310 147746 137913 127666 116781 104873 91163 73482                                            
2228.83 1944.3 1776.71 1656.64 1562.43 1484.46 1417.62 1358.87 1306.26 1258.45 1214.48 1173.66 1135.46 1099.44 1065.29 1032.73 1001.54 971.53 942.55 914.45 887.11 860.44 834.31 808.66 783.39 758.42 733.66 709.04 684.48 659.88 635.16 610.18 584.83 558.96 532.36 504.79 475.88 445.15 411.78 374.4 330.19 271.22                                            
1181543 951523 826538 741794 678152 627414 585338 549451 518192 490513 465678 443150 422528 403502 385827 369309 353789 339135 325238 312004 299353 287215 275528 264237 253293 242648 232260 222086 212086 202216 192434 182691 172932 163094 153095 142828 132142 120805 108419 94178 75843                                             
2257.19 1969.11 1799.46 1677.96 1582.63 1503.75 1436.12 1376.67 1323.42 1275.01 1230.47 1189.09 1150.34 1113.79 1079.09 1045.99 1014.24 983.66 954.09 925.38 897.42 870.08 843.26 816.88 790.83 765.03 739.4 713.83 688.24 662.52 636.56 610.2 583.3 555.65 526.98 496.92 464.95 430.22 391.3 345.23 283.72                                             
1203296 968136 840350 753700 688617 636724 593683 556966 524978 496646 471220 448149 427023 407525 389405 372463 356538 341493 327217 313614 300599 288102 276058 264410 253104 242093 231328 220766 210359 200060 189817 179573 169260 158792 148058 136900 125079 112182 97375 78345                                              
2286.48 1994.68 1822.87 1699.85 1603.37 1523.54 1455.1 1394.94 1341.04 1292.02 1246.91 1204.98 1165.68 1128.58 1093.34 1059.68 1027.37 996.21 966.04 936.71 908.08 880.05 852.51 825.35 798.47 771.79 745.19 718.58 691.84 664.85 637.46 609.5 580.76 550.95 519.69 486.42 450.27 409.72 361.67 297.45                                              
1225998 985445 854721 766068 699474 646368 602312 564723 531967 502949 476898 453255 431597 411600 393009 375619 359263 343803 329123 315124 301721 288838 276409 264373 252675 241262 230084 219090 208228 197442 186672 175844 164870 153633 141969 129627 116182 100770 80998                                               
2316.77 2021.05 1846.96 1722.35 1624.65 1543.83 1474.57 1413.67 1359.11 1309.48 1263.79 1221.3 1181.46 1143.82 1108.04 1073.83 1040.95 1009.2 978.42 948.44 919.15 890.4 862.09 834.1 806.34 778.69 751.03 723.26 695.23 666.79 637.75 607.89 576.92 544.42 509.8 472.16 429.9 379.76 312.62                                               
1249717 1003498 869686 778930 710746 656363 611240 572732 539167 509425 482716 458468 436247 415722 396631 378765 361951 346049 330938 316515 302694 289395 276548 264091 251964 240109 228472 216995 205618 194275 182890 171368 159587 147376 134475 120442 104382 83816                                                
2348.13 2048.28 1871.76 1745.46 1646.48 1564.63 1494.5 1432.86 1377.62 1327.38 1281.11 1238.07 1197.69 1159.51 1123.19 1088.43 1054.99 1022.65 991.26 960.63 930.64 901.15 872.03 843.18 814.46 785.76 756.95 727.88 698.38 668.26 637.28 605.12 571.35 535.36 496.17 452.12 399.77 329.51                                                
1274524 1022346 885286 792316 722458 666730 620483 581006 546588 516080 488676 463787 440970 419885 400263 381890 364588 348212 332639 317761 303489 289739 276439 263521 250921 238576 226425 214402 202435 190443 178326 165957 153156 139652 124986 108230 86815                                                 
2380.64 2076.42 1897.32 1769.22 1668.88 1585.94 1514.9 1452.48 1396.56 1345.69 1298.84 1255.25 1214.33 1175.63 1138.78 1103.49 1069.49 1036.58 1004.57 973.29 942.6 912.34 882.4 852.63 822.9 793.06 762.97 732.43 701.25 669.15 635.82 600.79 563.41 522.65 476.75 422.08 348.48                                                 
1300503 1042048 901565 806261 734639 677492 630057 589557 554237 522920 494779 469210 445761 424080 403893 384979 367155 350272 334201 318833 304071 289831 276035 262610 249485 236593 223860 211211 198558 185794 172786 159345 145190 129842 112337 90012                                                  
2414.37 2105.54 1923.68 1793.65 1691.84 1607.74 1535.74 1472.5 1415.87 1364.36 1316.93 1272.79 1231.36 1192.15 1154.79 1118.98 1084.45 1050.98 1018.37 986.46 955.06 924.04 893.25 862.52 831.71 800.65 769.13 736.94 703.8 669.34 633.09 594.35 552.04 504.27 447.19 370.05                                                  
1327741 1062665 918570 820803 747317 688672 639981 598398 562123 529948 501025 474735 450612 428297 407507 388013 369630 352200 335593 319693 304400 289624 275281 261293 247582 234070 220672 207295 193826 180122 165987 151126 135041 116730 93426                                                   
2449.42 2135.71 1950.9 1818.78 1715.39 1630.02 1556.99 1492.88 1435.5 1383.33 1335.31 1290.64 1248.69 1208.99 1171.16 1134.86 1099.83 1065.83 1032.67 1000.14 968.08 936.31 904.66 872.96 841.02 808.64 775.55 741.48 706.02 668.67 628.68 584.89 535.29 475.8 394.92                                                   
1356338 1084267 936355 835984 760527 700295 650275 607544 570255 537169 507415 480357 455516 432523 411086 390971 371985 353966 336777 320298 304424 289057 274109 259492 245119 230897 216725 202484 188021 173130 157503 140620 121437 97078                                                    
2485.89 2167.03 1979.04 1844.66 1739.53 1652.78 1578.62 1513.56 1455.37 1402.51 1353.88 1308.65 1266.2 1226.03 1187.75 1151.01 1115.53 1081.07 1047.41 1014.33 981.66 949.19 916.73 884.08 851 817.22 782.42 746.2 707.98 666.97 621.92 570.7 508.89 424.2                                                    
1386404 1106930 954979 851849 774303 712389 660958 617008 578642 544587 513947 486068 460459 436740 414610 393826 374189 355531 337709 320596 304082 288061 272435 257107 241976 226929 211840 196546 180830 164369 146618 126491 100993                                                     
2523.91 2199.6 2008.2 1871.34 1764.29 1676.01 1600.58 1534.47 1475.38 1421.75 1372.46 1326.65 1283.69 1243.06 1204.36 1167.22 1131.36 1096.52 1062.45 1028.94 995.76 962.71 929.56 896.04 861.88 826.72 790.11 751.46 709.91 664.11 611.73 548.04 459.72                                                     
1418063 1130741 974504 868448 788684 724984 672052 626805 587291 552202 520615 491860 465428 440928 418050 396543 376201 356847 338332 320522 303298 286545 270155 254014 238001 221977 205770 189150 171778 153083 131931 105200                                                      
2563.59 2233.55 2038.48 1898.91 1789.74 1699.72 1622.85 1555.52 1495.39 1440.87 1390.81 1344.35 1300.83 1259.72 1220.6 1183.1 1146.92 1111.79 1077.44 1043.65 1010.17 976.75 943.14 909.02 874.02 837.68 799.37 758.17 712.64 660.29 595.93 504.97                                                      
1451450 1155793 995004 885836 803713 738111 683581 636950 596211 560016 527416 497719 470402 445060 421375 399084 377972 357856 338578 319995 301977 284399 267133 250047 232990 215777 198165 179794 160067 137799 109730                                                       
2605.08 2269.01 2070.01 1927.5 1815.96 1723.98 1645.43 1576.66 1515.28 1459.68 1408.67 1361.38 1317.15 1275.44 1235.81 1197.91 1161.4 1126.02 1091.51 1057.61 1024.08 990.65 957.01 922.83 887.66 850.89 811.66 768.56 719.09 657.82 568.26                                                       
1486719 1182193 1016556 904075 819437 751805 695569 647459 605408 568027 534338 503628 475356 449105 424541 401395 379441 358487 338363 318916 300002 281478 263197 244992 226666 207958 188490 167634 144146 114621                                                        
2648.52 2306.14 2102.96 1957.26 1843.12 1748.92 1668.44 1597.94 1535.02 1478.02 1425.75 1377.32 1332.05 1289.41 1248.96 1210.34 1173.23 1137.38 1102.53 1068.44 1034.9 1001.66 968.47 935.02 900.94 865.71 828.56 788.19 742 682.81                                                        